aipp_op {
    aipp_mode : static
    input_format : YUV420SP_U8
    related_input_rank : 0
    csc_switch : true
    rbuv_swap_switch : false
    matrix_r0c0 : 256
    matrix_r0c1 : 0
    matrix_r0c2 : 359
    matrix_r1c0 : 256
    matrix_r1c1 : -88
    matrix_r1c2 : -183
    matrix_r2c0 : 256
    matrix_r2c1 : 454
    matrix_r2c2 : 0
    input_bias_0 : 0
    input_bias_1 : 128
    input_bias_2 : 128
    
    mean_chn_0 : 124
    mean_chn_1 : 117
    mean_chn_2 : 104
    var_reci_chn_0 : 0.0171247538316637
    var_reci_chn_1 : 0.0175070028011204
    var_reci_chn_2 : 0.0174291938997821
}